9606
10090
3702
10116
3352
7227
4577
7962
29760
39947
7091
9031
9823
112509
9796
7955
9913
5833
3330
39946
4530
8355
73824
3332
6182
3880
8364
7868
7165
4932
9541
8030
7240
8720
3847
9986
4232
5855
4529
4565
80863
38705
4558
6239
9940
9544
7719
9615
4006
34305
552467
5693
9925
40559
9598
4081
44689
7029
3694
178876
72658
381124
59691
3635
7229
8022
3055
81972
4097
10092
7237
81985
3349
37657
7460
34274
3885
5811
5741
7038
72036
9556
4784
89462
264402
4787
69293
8255
9593
5507
8637
5059
28377
113636
3347
3345
10091
4543
474922
3899
3348
3888
3343
9915
79200
890382
5272
7217
76912
7173
8090
4113
31033
46689
3719
399189
9685
5544
10042
3338
3357
71625
5180
71647
9600
8502
6238
904126
8839
39442
3695
121759
7757
8496
58041
7998
8508
3708
8479
151562
158149
6183
5476
59894
3329
31234
77166
3691
29159
71622
4896
77009
9785
44522
9773
244447
28528
9644
6669
4234
5807
3750
176275
29158
4513
7245
37083
94885
81970
3344
8245
13616
8049
38727
40366
7668
7226
6210
151559
8801
9783
164328
452646
27457
6687
9597
3369
9103
8010
27337
295326
37039
132586
8790
6359
746128
37011
6550
9545
7159
7957
3818
9739
4120
4550
71623
57426
37012
43455
42344
5207
8805
56313
54383
9157
265622
33581
79653
217165
62324
121530
334908
54359
56079
458196
30608
227179
447135
117000
33584
89386
7004
7959
8032
9209
232635
48427
57073
7801
35525
66420
5061
214663
94835
59689
8014
6289
5141
8175
5518
113115
8128
3981
9507
56285
3649
30419
115702
5478
8187
37050
67593
37682
9860
417830
229290
323802
7230
5661
4615
5599
4236
870802
10095
4567
44394
7241
3760
5888
7200
74940
4536
94289
7937
6192
344056
9483
27291
129105
4082
219518
6689
5530
9793
65489
57437
9612
6945
42043
29057
7213
9838
52904
4072
4058
47230
98038
117187
1278208
10036
5759
5037
984701
30596
7425
5691
10117
5722
162425
50426
5076
84645
8081
9534
34924
33556
29058
3659
5062
94232
62890
4083
8400
4442
10141
13489
30521
73275
187451
76340
3827
27405
5482
13095
118781
28610
33616
239373
7656
35725
5666
51655
7070
210409
3879
37003
9863
3656
4876
184585
48193
8547
10118
15368
8036
9643
6526
215358
126362
5067
43147
7238
29965
5911
7160
29176
3634
157791
69944
343994
35523
7092
7243
8409
13451
66913
48849
5664
59729
7370
129788
4146
5865
3218
5353
51070
45372
7263
8078
9662
40410
156563
5516
43335
7108
5802
4568
5671
3335
4538
3747
3983
93934
10096
36329
51953
99490
34613
3486
10029
6941
10195
106299
56334
4555
3767
9646
9844
3707
3641
110835
198806
101364
180498
4102
307972
9555
7244
7176
3726
9258
9400
3712
5660
3711
71627
4039
35570
59463
3895
4535
99883
42254
38785
4573
3906
9580
95602
59476
980415
8018
7130
4641
37349
4679
143350
3668
28829
8407
5270
9720
4952
245600
71402
9654
134920
7461
4537
34690
122812
85552
52838
7102
13443
7739
4572
214697
576999
9742
42892
30076
79220
9627
3311
318829
42229
82600
128017
45351
6087
79674
4092
80379
3848
79923
9519
81370
69820
78828
6282
4151
8161
9315
34892
159736
9521
9601
4498
9704
29780
9542
37727
223369
512623
9694
71646
3340
8469
7175
23211
4054
2711
214486
7741
30069
76194
6661
27602
8260
4532
140101
29730
4084
36596
240450
51351
9408
57918
5334
49390
74873
110450
93759
40149
4522
4182
59479
4533
148305
5306
29137
9557
8167
13686
88733
88728
52163
37293
56141
9447
8019
27978
108931
28985
15957
1234273
4911
9490
6326
161934
34886
7936
5322
8845
274709
3562
6334
390296
2961
36095
43700
139456
7924
293821
6999
8164
8404
4432
49801
119488
104759
4100
29689
241820
3555
7797
30548
3755
34816
6204
4754
31870
102107
3435
8127
3039
91653
9837
6565
7264
13894
9767
75935
9091
103480
8023
7830
9901
33548
103584
25629
9737
3988
40148
260615
9054
8083
51453
31199
6211
5804
10047
37347
6500
128735
9590
29031
7539
4931
9079
4111
4407
36239
30591
37087
71644
55291
9833
3505
39621
6306
41871
9509
4547
143451
9337
75352
71649
220873
9433
6253
62752
2788
91525
100952
8267
367866
203904
8932
39758
8296
3068
3917
9515
90988
36098
9417
30195
7965
98923
45171
109271
36987
35925
27689
22663
99802
8153
64152
34691
199306
9707
72450
73031
4686
7107
36310
9749
3494
29960
197750
78454
5702
5127
7932
4460
148021
61853
9735
6279
58331
5341
142615
57068
27706
9460
32264
148819
9505
79327
151069
9240
156230
63632
13735
4222
232314
8038
6313
196513
51029
60744
30538
93385
100937
10089
98023
40351
7375
82096
5791
215402
167318
40031
8276
7729
30066
1038079
31869
329105
6185
71632
9649
9502
29818
4096
7111
55567
9818
72011
57577
7950
35883
79784
6573
6523
7224
9678
39984
6978
65491
85571
87252
9755
9561
8843
307589
3046
5821
147425
112607
8222
225117
4571
15565
7246
4511
118151
168631
38654
5936
82366
6446
104503
195883
3197
88123
61084
44271
9696
9642
6761
407301
9770
156983
213592
41568
9669
40247
9719
7748
4400
4528
9778
5787
29729
6728
103600
7220
150288
9361
60711
5949
9579
132711
32224
6584
9267
104688
34765
7067
27923
7740
44588
52124
9538
3570
4112
51240
9365
9807
163134
186990
6280
118797
7010
4922
3341
40843
54602
35608
3654
1243175
6454
3544
6161
27292
8319
37334
1217365
227723
870730
28979
441961
9995
9546
5346
59895
194338
34828
49451
43780
45264
9508
27406
61143
126711
8855
34506
62337
70075
31138
4545
105884
10224
2850
54133
41446
9691
3696
7109
58777
7654
5755
51475
37690
46704
5659
55529
83653
29088
227086
8453
5145
261999
37546
28502
109483
329629
71626
40217
6973
7907
143606
5689
9657
61622
10103
226208
246517
5665
6850
30461
8928
217509
44386
28526
28930
82595
3469
435225
7113
155462
3396
9752
206411
6848
77222
13068
29583
5116
3873
75702
103351
83288
4690
251530
195632
171918
48171
10044
9690
3627
88029
68455
9540
34317
172413
239087
36100
35874
7233
104341
43332
141186
482537
262757
6317
118798
80884
3673
61970
44586
13249
8996
546385
21020
9463
80265
356194
9495
7515
9478
66468
48988
16924
222416
71629
170720
13146
152218
27288
6853
3693
641374
71640
34621
196901
70543
8330
54600
71648
145471
3870
9014
34882
6706
77504
59788
151564
55188
62282
118357
165450
9470
4934
135651
4098
42345
65561
4043
68415
52237
7910
6421
146505
6613
8475
54601
8265
6763
179961
9493
5656
71651
366454
240162
79627
30637
60698
9523
3218
310571
23110
61186
154097
3415
7119
47664
228252
5016
9395
51511
429709
13579
143292
5147
9465
139307
54180
29064
77218
289281
9535
110368
36774
141264
30611
59861
57374
35875
161732
3047
3728
29710
30588
10030
7650
184713
56787
34199
63479
43777
8797
62330
27679
255217
3350
3342
34903
58923
9813
435163
71406
32260
194366
141886
55190
75356
37099
13333
102874
5908
9565
28501
9358
58228
8316
460151
78451
34245
4265
4283
46147
46714
443688
1095420
232287
7888
47010
49314
379532
135762
9487
16901
7928
118643
31330
88036
49201
229543
174822
308872
4108
189793
54181
307104
71643
34740
156476
267130
3467
481883
28974
97445
51695
164648
24957
127408
38723
63687
588781
30732
296719